n                            5                  10                  30                  50                  100                  200                  500                  1000                  1500                  2000                  
short branch errors mvSLOUCH 3               0               0               0               0               0               0               0               0               0               
lower quantile mvSLOUCH    -1.38092507165334 -1.29015903002803 -1.13995747313801 -0.968130197851612 -0.618188169381765 -0.153230400400561 0.576573147772689 1.24134577307225 1.66964546721994 1.9419591193248 
median mvSLOUCH            0.292860269546509 0.287464499473572 0.333679795265198 0.384995818138123 0.542649149894714 0.86350405216217 1.80052089691162 3.73841571807861 5.65995848178864 7.17564523220062 
upper quantile mvSLOUCH    -1.15191616651847 -1.19590344955837 -0.908735606471017 -0.934454542382641 -0.583515268909937 -0.142627364751946 0.602050909595124 1.53010211031003 1.78086569777747 2.01850536302551 
n                            5                  10                  30                  50                  100                  200                  500                  1000                  1500                  2000                  
lower quantile mvMORPH pic -3.52860650416571 -3.60140799538405 -3.5952372972523 -3.54764757073061 -3.47364924912263 -3.30000463199081 -2.93835327400907 -2.39259102160496 -1.93449937102256 -1.77834851294879 
median mvMORPH pic         0.0322737693786621 0.0300288200378418 0.0294637680053711 0.0301270484924316 0.0345308780670166 0.0396746397018433 0.0668787956237793 0.103620767593384 0.192187070846558 0.259249567985535 
upper quantile mvMORPH pic -3.31758572525722 -3.26352603505487 -3.40968049157142 -3.41122175912668 -3.31688450244557 -3.15569033513049 -2.58834751435372 -1.86376272535793 -1.43741319851943 -1.20817895714605 
n                            5                  10                  30                  50                  100                  200                  500                  1000                  1500                  2000                  
lower quantile mvMORPH rpf -2.45549394630928 -2.46919766432543 -1.41576974775606 -0.361233253841472 1.45283991448114 3.40793574953197 6.13519985974283 8.62593513589415 NA NA 
median mvMORPH rpf         0.0983345508575439 0.101407170295715 0.274788856506348 0.742427945137024 4.40207731723785 31.3406517505646 462.237325310707 6218.43124783039 NA NA 
upper quantile mvMORPH rpf -2.207612961169 -2.10590353285707 -1.17709638041272 -0.183932130797474 1.60576283550408 3.49264168401896 6.13653075814112 8.83693991627991 NA NA 
